<?xml version='1.0' encoding='UTF-8'?>
<!DOCTYPE svg PUBLIC "-//W3C//DTD SVG 20010904//EN" "http://www.w3.org/TR/2001/REC-SVG-20010904/DTD/svg10.dtd">
<svg xmlns="http://www.w3.org/2000/svg" width="96" height="96" viewBox="0 0 1982.000000 2048.000000" xmlns="http://www.w3.org/2000/svg">
<g>
<path d="M19800 20470 c0 -5 5 -10 10 -10 6 0 10 5 10 10 0 6 -4 10 -10 10 -5 0 -10 -4 -10 -10z"/>
<path d="M11830 14641 c-419 -42 -783 -178 -1070 -400 -120 -92 -163 -133 -248 -235 -91 -110 -149 -198 -219 -338 -54 -107 -121 -301 -143 -413 -7 -33 -16 -73 -21 -90 -8 -29 -24 -177 -36 -335 -6 -77 20 -382 39 -455 5 -22 14 -58 20 -80 59 -235 167 -450 324 -645 178 -222 470 -412 779 -507 72 -22 118 -32 275 -64 25 -5 135 -15 245 -22 l200 -12 -60 -65 c-33 -36 -96 -105 -140 -155 -43 -49 -106 -119 -140 -155 -33 -36 -87 -96 -120 -135 -33 -38 -80 -92 -105 -120 -94 -103 -190 -216 -231 -271 -35 -46 -40 -57 -28 -66 9 -6 281 -8 783 -4 l769 5 40 38 c118 114 477 553 710 866 259 350 430 697 514 1042 30 125 33 142 48 240 52 336 39 705 -35 980 -146 546 -496 982 -970 1209 -171 81 -250 108 -440 147 -52 11 -115 25 -140 31 -54 12 -494 19 -600 9z m65 -925 c117 -54 185 -200 185 -399 0 -209 -89 -327 -246 -327 -83 0 -139 25 -196 89 -62 68 -78 120 -78 245 0 237 105 414 245 415 22 1 63 -10 90 -23z m700 -32 c80 -36 110 -95 135 -266 11 -75 10 -91 -9 -166 -37 -149 -124 -246 -245 -273 -45 -10 -61 -9 -105 6 -69 23 -104 54 -131 117 -21 48 -22 63 -17 173 7 152 29 217 109 322 78 103 163 131 263 87z m-1238 -553 c110 -56 193 -222 193 -385 0 -146 -78 -235 -204 -236 -108 0 -203 69 -260 190 -28 60 -31 74 -30 170 0 100 1 108 34 168 33 63 75 105 115 115 35 10 112 -1 152 -22z m1749 -106 c37 -23 68 -102 72 -180 11 -203 -141 -394 -314 -395 -86 0 -156 64 -170 157 -27 178 111 401 267 432 52 11 116 4 145 -14z m-928 -320 c187 -44 364 -212 433 -412 54 -159 -10 -291 -167 -340 -41 -14 -96 -23 -131 -23 -67 0 -184 32 -203 55 -18 21 -34 19 -107 -16 -105 -50 -273 -65 -348 -30 -23 10 -53 33 -69 52 -26 30 -28 38 -24 100 3 55 11 83 47 152 120 238 297 425 439 463 60 16 56 16 130 -1z"/>
<path d="M6025 14600 l-350 -5 1 -1085 c0 -597 2 -1617 2 -2267 l2 -1183 580 0 580 0 0 643 0 642 194 194 c106 106 198 192 204 190 6 -2 27 -25 49 -51 34 -41 442 -516 468 -544 5 -6 42 -49 80 -94 39 -46 90 -106 115 -134 25 -29 90 -105 145 -171 55 -65 170 -200 255 -299 85 -100 186 -218 224 -264 l68 -82 716 2 c512 2 716 6 719 14 3 10 -54 83 -247 309 -41 48 -104 122 -140 165 -36 42 -121 141 -188 221 -68 79 -156 182 -195 228 -40 46 -103 121 -142 166 -38 45 -104 122 -145 170 -41 49 -104 123 -140 164 -36 42 -99 117 -140 166 -41 50 -106 126 -145 171 -38 44 -99 115 -135 159 -36 43 -92 110 -125 149 -33 39 -95 115 -138 168 -43 53 -82 100 -87 103 -6 3 -10 11 -10 17 0 6 96 108 213 227 116 119 255 261 307 316 52 55 248 257 435 450 187 192 401 413 475 490 74 77 240 247 368 377 132 133 232 242 230 250 -6 18 -1363 17 -1406 -1 -16 -7 -109 -101 -208 -209 -98 -108 -237 -258 -309 -333 -129 -134 -385 -406 -519 -550 -38 -41 -146 -155 -240 -254 -94 -99 -192 -202 -216 -230 -25 -27 -97 -104 -160 -170 -63 -66 -137 -144 -163 -173 -27 -29 -53 -50 -58 -47 -5 4 -9 416 -8 997 0 545 -3 993 -6 997 -8 7 -336 8 -810 1z"/>
<path d="M12460 9674 c-336 -31 -640 -149 -905 -349 -123 -94 -295 -288 -367 -415 -14 -25 -37 -65 -51 -90 -98 -173 -177 -497 -177 -721 0 -78 24 -285 40 -356 24 -102 29 -121 49 -182 78 -236 264 -512 443 -658 268 -219 499 -315 888 -368 207 -29 495 -8 705 49 151 42 292 107 435 201 112 74 290 220 290 238 0 29 -149 212 -302 372 l-115 120 -77 -73 c-221 -210 -424 -296 -696 -296 -207 1 -358 44 -515 148 -289 192 -469 571 -426 898 41 298 162 519 373 678 116 88 226 140 368 176 75 18 315 18 405 -1 206 -43 307 -97 481 -259 40 -36 76 -66 80 -65 10 0 198 214 261 294 57 74 153 213 153 222 0 4 -37 36 -83 70 -245 183 -455 284 -692 332 -27 6 -72 15 -100 22 -51 11 -384 20 -465 13z"/>
<path d="M5461 9568 c-32 -75 -34 -81 -81 -203 -23 -60 -51 -129 -61 -152 -11 -24 -19 -49 -19 -56 0 -7 -4 -17 -9 -22 -5 -6 -16 -30 -24 -55 -19 -56 -102 -270 -128 -327 -10 -24 -19 -46 -19 -51 0 -5 -9 -27 -20 -50 -11 -22 -20 -46 -20 -52 0 -5 -9 -32 -21 -58 -27 -60 -25 -56 -99 -247 -34 -88 -71 -179 -81 -202 -10 -24 -19 -47 -19 -53 0 -6 -4 -18 -9 -28 -13 -26 -38 -90 -181 -457 -4 -11 -13 -33 -20 -50 -7 -16 -16 -39 -20 -50 -99 -254 -136 -347 -151 -382 -10 -24 -19 -46 -19 -51 0 -5 -9 -27 -20 -50 -11 -22 -20 -46 -20 -52 0 -5 -4 -18 -9 -28 -5 -9 -28 -66 -51 -127 -23 -60 -46 -118 -51 -127 -5 -10 -9 -20 -9 -23 0 -3 159 -5 354 -5 l354 0 10 28 c6 15 50 131 98 257 47 127 92 245 99 262 l14 33 623 -3 622 -2 13 -25 c6 -14 26 -63 43 -110 18 -47 36 -95 41 -107 5 -13 13 -33 18 -45 5 -13 19 -50 31 -83 12 -33 26 -69 30 -80 4 -11 17 -42 27 -70 l19 -50 367 -3 c202 -1 367 -1 367 1 0 2 -6 17 -14 33 -12 24 -214 527 -547 1359 -26 66 -183 455 -348 865 l-299 745 -369 3 -369 2 -23 -52z m415 -785 c4 -15 29 -81 56 -147 26 -66 48 -123 48 -128 0 -4 8 -27 19 -51 10 -23 29 -69 41 -102 12 -33 26 -69 30 -80 4 -11 22 -57 39 -102 17 -46 45 -120 62 -165 17 -46 44 -116 60 -157 16 -40 26 -77 23 -82 -3 -5 -185 -9 -405 -9 -365 0 -399 1 -399 17 0 9 23 75 51 147 28 72 75 192 104 266 111 281 213 546 224 583 15 43 38 48 47 10z"/>
<path d="M8000 8114 l0 -1505 813 4 c899 4 877 2 1077 71 293 101 486 319 550 621 16 76 16 272 0 349 -16 80 -60 183 -105 252 -72 109 -205 222 -327 278 -21 9 -38 19 -38 21 0 2 33 25 73 51 268 174 373 491 269 819 -35 111 -125 236 -234 324 -79 64 -259 154 -363 181 -138 35 -240 40 -987 40 l-728 0 0 -1506z m1400 936 c159 -57 221 -123 245 -260 12 -73 1 -158 -30 -223 -24 -51 -95 -112 -164 -139 -54 -21 -68 -22 -426 -22 l-370 -1 -3 310 c-1 171 0 321 3 334 l6 23 352 -5 c247 -3 362 -8 387 -17z m123 -1204 c142 -37 215 -114 246 -260 25 -112 -14 -233 -100 -310 -104 -95 -191 -109 -659 -104 l-355 3 -3 330 c-1 181 0 336 3 342 7 20 793 18 868 -1z"/>
<path d="M14859 8805 c-3 -2 -29 -8 -59 -14 -99 -17 -167 -39 -261 -88 -73 -37 -112 -66 -175 -128 -85 -85 -127 -149 -165 -255 -19 -54 -23 -85 -24 -185 0 -128 10 -175 54 -255 89 -163 271 -285 531 -354 273 -72 456 -148 508 -212 99 -120 -51 -263 -278 -264 -163 0 -302 54 -446 175 -49 41 -95 75 -103 75 -26 0 -179 -177 -298 -344 l-31 -45 46 -43 c26 -24 68 -58 94 -76 62 -42 238 -132 260 -132 9 0 19 -4 22 -9 3 -5 18 -11 33 -14 16 -3 46 -10 68 -16 146 -41 416 -53 556 -26 199 38 343 110 461 232 61 63 138 176 138 203 0 9 4 20 8 26 12 13 29 78 43 167 20 128 -13 297 -79 402 -37 59 -120 142 -183 186 -107 72 -297 145 -499 189 -264 59 -398 151 -349 239 19 34 91 88 137 101 74 23 181 23 269 1 118 -29 188 -66 265 -138 37 -35 71 -63 76 -63 11 0 142 152 240 277 l72 92 -33 31 c-75 73 -234 164 -362 208 -114 40 -258 62 -399 62 -73 0 -135 -2 -137 -5z"/>
<path d="M7750 5963 c-96 -34 -193 -112 -226 -181 -48 -101 -56 -221 -23 -322 35 -109 86 -168 189 -221 39 -20 60 -23 150 -23 95 0 110 2 160 27 30 16 71 41 89 56 l35 29 -39 51 c-22 28 -44 51 -51 51 -6 0 -19 -9 -30 -21 -34 -38 -89 -59 -154 -59 -126 0 -215 87 -227 220 -13 134 77 248 209 266 53 7 149 -26 177 -62 10 -13 23 -24 29 -24 6 0 29 23 52 50 l43 51 -24 25 c-13 14 -56 41 -95 60 -65 31 -78 34 -160 33 -49 0 -96 -3 -104 -6z"/>
<path d="M14938 5946 c-122 -50 -201 -154 -228 -297 -29 -161 58 -339 199 -407 50 -23 68 -26 161 -26 95 -1 110 2 155 26 165 87 244 295 184 479 -51 156 -180 249 -343 249 -51 0 -87 -7 -128 -24z m222 -127 c39 -17 58 -34 87 -78 37 -55 38 -58 38 -151 0 -101 -7 -120 -64 -183 -41 -45 -79 -60 -151 -60 -76 0 -113 16 -159 68 -45 52 -61 98 -61 177 0 80 17 129 63 177 67 70 158 88 247 50z"/>
<path d="M8598 5952 l-238 -2 0 -365 0 -365 248 2 247 3 3 39 c2 22 1 50 -2 62 -6 23 -7 24 -184 26 l-177 3 0 80 0 80 169 5 169 5 2 40 c4 89 14 84 -174 87 l-166 3 -3 65 c-6 119 -18 111 179 110 94 -1 173 1 176 4 9 9 7 107 -3 114 -5 4 -116 6 -246 4z"/>
<path d="M11378 5952 l-238 -2 0 -365 0 -365 250 0 251 0 -3 63 -3 62 -180 5 -180 5 0 80 0 80 173 3 172 2 0 65 0 65 -172 2 -173 3 -3 65 c-2 35 0 75 3 88 l6 23 174 -3 c139 -2 176 0 180 10 10 28 5 110 -7 113 -7 2 -120 3 -250 1z"/>
<path d="M12339 5952 c-6 -3 -9 -58 -8 -150 l1 -147 -152 0 -153 0 2 148 2 147 -70 0 -71 0 0 -365 0 -365 70 0 71 0 -2 139 c0 77 2 144 6 150 7 12 251 16 279 5 14 -5 16 -28 16 -150 l0 -144 70 0 70 0 0 364 0 364 -60 4 c-33 1 -65 1 -71 0z"/>
<path d="M13017 5952 c-57 -3 -58 -3 -77 -45 -18 -40 -85 -214 -152 -392 -16 -44 -34 -89 -38 -100 -31 -77 -70 -181 -70 -187 0 -5 28 -8 63 -8 l63 0 30 78 30 77 149 3 c89 1 152 -1 158 -7 6 -6 22 -41 36 -78 l26 -68 68 -3 c37 -2 67 0 67 3 0 3 -9 24 -19 48 -11 23 -26 62 -35 87 -17 51 -142 384 -155 415 -5 11 -22 53 -37 93 -15 40 -32 76 -38 80 -6 4 -37 6 -69 4z m23 -223 c0 -10 4 -27 9 -37 23 -42 64 -163 57 -169 -7 -7 -167 -5 -175 2 -3 3 74 208 86 228 8 13 23 -3 23 -24z"/>
<path d="M13464 5949 c-2 -4 3 -24 12 -45 9 -22 34 -87 55 -146 22 -60 57 -159 80 -220 22 -62 43 -122 46 -133 3 -11 9 -24 13 -30 3 -5 17 -43 31 -83 l24 -73 65 3 65 3 68 185 c38 102 82 220 98 263 16 42 43 114 60 160 17 45 35 90 40 100 8 15 3 17 -64 17 l-73 0 -46 -137 c-26 -76 -61 -176 -78 -223 -18 -47 -36 -100 -40 -118 -14 -58 -30 -55 -48 8 -10 34 -102 297 -143 412 l-21 56 -70 4 c-39 2 -72 0 -74 -3z"/>
<path d="M14340 5952 c-6 -2 -10 -137 -10 -368 l0 -364 65 0 65 0 0 364 0 364 -55 4 c-30 1 -60 2 -65 0z"/>
<path d="M3540 5843 c-23 -59 -45 -117 -50 -128 -4 -11 -12 -31 -18 -45 -5 -14 -24 -63 -42 -110 -18 -47 -36 -94 -40 -105 -4 -11 -18 -47 -30 -80 -12 -33 -31 -79 -41 -102 -11 -24 -19 -45 -19 -48 0 -3 29 -5 65 -5 72 0 62 -9 102 90 27 69 17 65 182 68 149 2 151 2 160 -20 5 -13 19 -49 31 -80 l22 -58 64 0 c39 0 64 4 64 11 0 6 -9 31 -19 57 -10 26 -32 83 -49 127 -16 44 -68 181 -115 305 l-84 225 -70 3 -70 3 -43 -108z m123 -116 c8 -18 24 -62 37 -97 12 -36 27 -70 32 -77 22 -27 2 -36 -79 -36 -44 0 -85 3 -91 7 -7 4 3 41 28 104 22 53 41 105 44 115 8 25 14 21 29 -16z"/>
<path d="M4210 5585 l0 -365 153 0 c163 0 216 10 292 55 55 32 102 86 134 154 23 50 26 68 25 166 0 101 -2 115 -29 168 -36 73 -108 139 -181 166 -47 18 -78 21 -224 21 l-170 0 0 -365z m352 221 c88 -37 148 -157 127 -258 -6 -29 -17 -67 -25 -85 -33 -74 -126 -116 -245 -111 l-74 3 -3 225 c-1 123 0 231 3 239 4 11 23 13 93 8 49 -4 104 -13 124 -21z"/>
<path d="M4985 5933 c9 -23 37 -98 87 -238 22 -60 58 -159 80 -220 22 -60 42 -119 45 -130 3 -11 9 -24 13 -30 3 -5 12 -29 20 -53 l13 -43 65 3 64 3 128 340 c70 187 130 350 134 363 7 21 5 22 -61 22 l-69 0 -33 -97 c-17 -54 -36 -107 -41 -118 -5 -11 -18 -49 -30 -85 -12 -36 -25 -74 -30 -85 -13 -33 -28 -78 -34 -107 -4 -16 -13 -28 -20 -28 -8 0 -17 12 -21 28 -8 32 -91 277 -138 405 l-31 87 -74 0 c-67 0 -73 -2 -67 -17z"/>
<path d="M5972 5862 c-19 -48 -37 -96 -42 -107 -4 -11 -27 -69 -50 -130 -23 -60 -46 -119 -50 -130 -4 -11 -18 -47 -30 -80 -12 -33 -26 -69 -30 -80 -16 -40 -40 -106 -40 -110 0 -3 29 -5 63 -5 l64 0 30 78 30 77 157 3 156 3 11 -28 c6 -16 19 -50 29 -78 l18 -50 66 -3 c36 -2 66 0 66 4 0 7 -47 133 -209 558 -34 87 -61 160 -61 162 0 2 -33 4 -72 4 l-73 0 -33 -88z m136 -169 c11 -32 29 -83 40 -113 11 -30 20 -56 19 -57 -5 -4 -177 -6 -182 -2 -3 3 10 44 29 91 18 48 36 98 40 112 10 42 32 30 54 -31z"/>
<path d="M6637 5588 l3 -363 65 -3 66 -3 -3 236 c-2 152 1 235 7 234 6 0 31 -32 57 -72 26 -40 96 -144 156 -232 l109 -160 67 -3 66 -3 0 366 0 365 -65 0 -65 0 0 -234 c0 -147 -4 -237 -10 -241 -6 -3 -13 2 -17 12 -3 10 -40 68 -82 128 -42 61 -110 161 -151 222 l-75 112 -65 1 -65 0 2 -362z"/>
<path d="M9110 5585 l0 -365 153 0 c163 0 216 10 292 55 55 32 98 82 132 153 23 50 27 69 27 162 1 89 -3 113 -22 154 -45 98 -102 153 -194 187 -44 16 -79 19 -220 19 l-168 0 0 -365z m357 220 c40 -20 100 -87 110 -122 5 -16 8 -64 8 -108 -1 -72 -4 -85 -30 -125 -43 -65 -116 -99 -212 -100 -39 0 -77 2 -85 5 -10 4 -13 51 -11 230 1 124 5 230 9 237 10 16 171 3 211 -17z"/>
<path d="M10340 5585 l0 -365 194 0 c203 0 238 5 293 47 46 33 67 84 67 159 0 51 -5 70 -27 103 -15 23 -31 41 -35 41 -4 0 -16 7 -26 15 -19 15 -19 16 18 54 30 30 39 49 43 84 8 67 -4 113 -40 154 -57 65 -87 73 -299 73 l-188 0 0 -365z m367 210 c38 -44 26 -113 -24 -134 -17 -7 -64 -11 -114 -9 l-84 3 -3 74 c-4 108 -8 105 106 98 89 -5 99 -8 119 -32z m21 -290 c24 -18 41 -67 34 -103 -8 -39 -50 -52 -172 -52 l-110 0 0 85 0 85 113 0 c85 0 118 -4 135 -15z"/>
<path d="M15680 5585 l0 -365 65 0 64 0 3 118 3 117 75 0 75 0 70 -117 70 -118 73 0 c39 0 72 4 72 9 0 4 -8 19 -18 32 -17 22 -79 128 -112 192 -14 28 -13 29 33 69 69 59 81 87 82 193 0 122 -29 174 -120 216 -35 16 -66 19 -237 19 l-198 0 0 -365z m392 208 c27 -27 32 -40 32 -80 0 -96 -49 -126 -199 -121 l-90 3 -3 95 c-5 151 -11 143 118 138 108 -3 110 -4 142 -35z"/>
<path d="M5515 4894 c-137 -32 -219 -96 -274 -213 -22 -50 -25 -68 -25 -166 0 -97 3 -117 26 -167 35 -76 97 -141 171 -178 54 -27 70 -30 153 -30 68 0 108 5 144 19 61 23 139 80 139 101 0 8 -17 35 -39 59 l-39 45 -43 -36 c-85 -69 -171 -77 -258 -25 -78 46 -114 107 -118 202 -3 61 0 79 21 122 45 87 118 133 214 133 61 0 104 -15 149 -53 18 -15 36 -27 41 -27 5 0 26 23 47 51 l38 51 -23 25 c-44 46 -143 85 -228 88 -42 2 -85 2 -96 -1z"/>
<path d="M6339 4891 c-122 -26 -222 -126 -268 -270 -14 -44 -14 -182 0 -218 55 -134 102 -191 199 -239 46 -23 67 -27 140 -28 113 -1 174 21 245 86 125 114 164 314 92 471 -56 122 -161 195 -294 202 -43 2 -94 1 -114 -4z m207 -162 c66 -45 95 -110 95 -208 0 -84 -15 -130 -57 -180 -61 -73 -177 -94 -265 -48 -89 47 -143 175 -118 280 21 88 86 169 147 183 15 3 32 8 37 10 31 12 120 -8 161 -37z"/>
<path d="M8085 4891 c-75 -14 -143 -59 -173 -116 -21 -40 -20 -150 2 -192 29 -58 101 -98 241 -134 119 -30 161 -97 94 -153 -26 -22 -40 -26 -95 -26 -67 0 -144 29 -173 64 -8 9 -19 16 -26 16 -15 0 -85 -78 -85 -94 1 -18 85 -76 140 -97 64 -24 213 -26 268 -3 43 17 97 67 118 106 19 37 18 151 -2 194 -22 46 -84 88 -170 114 -185 58 -221 89 -178 155 38 58 152 59 238 0 20 -14 41 -25 45 -25 5 0 23 23 41 50 31 49 32 51 15 70 -49 55 -199 90 -300 71z"/>
<path d="M13443 4890 c-23 -5 -54 -15 -70 -23 -38 -20 -89 -76 -102 -110 -15 -39 -14 -121 3 -160 22 -54 107 -113 191 -132 144 -33 195 -74 173 -137 -15 -42 -49 -58 -122 -58 -68 0 -103 14 -173 66 l-31 24 -37 -50 c-20 -28 -35 -57 -31 -65 7 -19 79 -64 139 -87 33 -13 74 -18 137 -18 76 0 98 4 139 25 90 45 127 114 119 220 -4 43 -12 72 -28 93 -28 37 -116 85 -190 103 -141 33 -192 91 -136 156 22 26 30 28 98 28 66 0 77 -3 120 -32 26 -18 50 -33 55 -33 14 0 75 101 69 115 -2 7 -33 27 -68 44 -70 33 -181 47 -255 31z"/>
<path d="M7037 4883 c-9 -8 -9 -706 -1 -727 5 -12 21 -16 65 -16 53 0 59 2 65 24 3 13 4 121 2 240 -2 171 0 216 10 216 7 0 16 -8 19 -17 4 -10 21 -38 38 -62 16 -24 37 -54 45 -66 48 -74 205 -303 218 -317 11 -13 30 -18 74 -18 l58 0 0 375 0 376 -62 -3 -63 -3 -3 -242 c-1 -134 -6 -243 -10 -242 -4 0 -37 46 -73 102 -101 155 -251 371 -263 379 -14 10 -110 10 -119 1z"/>
<path d="M8654 4876 c-3 -8 -4 -135 -2 -283 4 -305 6 -314 92 -390 57 -50 101 -63 216 -63 79 0 99 4 144 26 65 33 87 53 117 112 23 46 24 53 27 330 l3 282 -66 0 -65 0 0 -220 c0 -235 -10 -311 -44 -348 -74 -82 -219 -65 -270 33 -19 37 -21 59 -23 278 -2 131 -5 243 -9 248 -9 16 -114 11 -120 -5z"/>
<path d="M9520 4515 l0 -375 213 2 212 3 5 58 c4 40 1 62 -7 69 -8 6 -65 9 -150 7 l-138 -4 -3 308 -2 307 -65 0 -65 0 0 -375z"/>
<path d="M10094 4877 c-3 -8 -4 -41 -2 -73 l3 -59 87 -3 88 -3 2 -297 3 -297 67 -3 68 -3 2 298 3 298 105 5 105 5 0 70 0 70 -263 3 c-216 2 -263 0 -268 -11z"/>
<path d="M11016 4865 c-9 -13 -16 -28 -16 -32 0 -9 -73 -198 -101 -260 -11 -24 -19 -47 -19 -51 0 -5 -22 -62 -48 -128 -26 -65 -54 -139 -62 -164 -7 -25 -17 -49 -22 -54 -22 -26 -7 -36 56 -36 l64 0 18 48 c9 26 25 66 35 90 l18 43 148 -3 c163 -3 150 3 181 -78 39 -103 36 -100 102 -100 41 0 60 4 60 13 0 14 -20 72 -57 167 -35 93 -73 191 -144 380 -34 91 -67 171 -72 178 -6 7 -33 12 -67 12 -50 0 -60 -3 -74 -25z m112 -268 c18 -50 38 -102 44 -114 6 -13 8 -26 5 -29 -7 -7 -167 -5 -178 2 -4 2 10 48 31 102 21 53 41 105 44 115 10 32 21 17 54 -76z"/>
<path d="M11657 4883 c-10 -9 -8 -716 2 -731 5 -9 26 -12 67 -10 l59 3 0 238 c0 130 3 237 7 237 4 0 41 -51 83 -112 80 -119 201 -294 235 -340 19 -25 27 -28 80 -28 l60 0 0 375 0 375 -65 0 -65 0 0 -245 c0 -135 -3 -245 -7 -245 -5 1 -17 15 -29 33 -77 118 -300 443 -308 449 -14 10 -110 10 -119 1z"/>
<path d="M12495 4867 c-4 -13 -5 -46 -3 -73 l3 -49 105 -5 105 -5 5 -295 5 -295 65 0 65 0 3 298 2 297 106 0 105 0 -3 73 -3 72 -277 3 -278 2 -5 -23z"/>
</g>
</svg>
